39 22
111111111111111111111111111111111111111
122222000000002222222222200000000222221
122220000000000022222220000000000022221
122200000000000022222220000000000002221
122000000000000000000000000000000000221
100000000000000000000000000000000000001
100000000000000011100000000000000000001
100000000000000100000000000000000000001
122200000000000100000110000000000002221
122200000000001000000001000000000002221
182200000000001000000000100000000002251
122200000000000100000000100000000002221
122200000000000011000001000000000002221
100000000000000000000001000000000000001
100000000000000000001110000000000000001
100000000000000000110000000000000000001
100000000000000000000000000000000000001
122000000000000000000000000000000000221
122200000000000022222220000000000002221
122220000000000022222220000000000022221
122222000000002222222222200000000222221
111111111111111111111111111111111111111
